-122.3942265 37.7767382
-122.4528047 37.786265
-122.3997789 37.7811499
-122.4416127 37.8000223
-122.4362449 37.760689
-122.4090015 37.7986741
-122.4128908 37.8064387
-122.4762084 37.726601
-79.5101346 8.9857939
-122.4196733 37.7632581
-122.4099802 37.7797642
-122.4234142 37.7900899
-122.3897193 37.7367631
-122.4077368 37.7709988
-122.3871928 37.7418624
-122.4415313 37.7168741
-122.4162342 37.7928844
-122.4075474 37.7796231
-84.1293074 9.9902009
-122.4217072 37.7965466
-84.1343441 9.991161
-122.4460622 37.7760091
-122.4546813 37.7237981
-122.4129232 37.8058441
-122.4181255 37.7504228
-122.4180336 37.7492129
-122.4205203 37.7522423
-122.4528163 37.7119724
-122.4051055 37.7303902
-122.4209796 37.7570365
-122.4337115 37.7346227
-80.9729371 8.2454356
-122.4137896 37.8054807
-122.430901 37.7852005
-122.4179305 37.7907686
-122.4149018 37.7959769
-122.3928736 37.7949012
-122.4082139 37.799094
-122.43816 37.777716
-62.1143091 -31.42777
-122.430492 37.772945
-122.4270651 37.7687435
-122.4053683 37.7415785
-122.4087167 37.7529431
-122.4505453 37.7694214
-122.4207829 37.7902045
-122.4085421 37.7979062
-122.4086385 37.798411
-122.4155301 37.8076369
-122.4197201 37.7876927
-122.4165679 37.7884234
-122.4819672 37.7839057
-122.479296 37.7427662
-122.4116366 37.7764867
-79.517511 8.9922053
-122.424704 37.7614046
-122.4127878 37.7639653
-122.413623 37.749437
-122.4100247 37.795529
-122.4083521 37.7969706
-122.4086681 37.7970928
-122.412313 37.754856
-122.416268 37.753871
-122.41941 37.7603364
-122.416833 37.7765597
-122.4183448 37.7528358
-122.4876363 37.7797491
-122.4149473 37.7948993
-122.4788199 37.7840258
-122.4107866 37.7840482
-122.4145173 37.7857309
-122.4163322 37.7929179
-122.4182553 37.7944737
-122.4111301 37.7842393
-122.4118912 37.7879975
-122.4027236 37.7643298
-122.3914123 37.7742721
-122.4056288 37.785398
-122.4010156 37.7910409
-84.1121058 9.9885923
-122.4389783 37.7730913
-84.1196843 9.9743057
-84.1162377 9.9738795
-62.0706591 -31.4379857
-84.1632973 9.9893418
-62.0894287 -31.4177736
-122.3918141 37.7891143
